19	-7	-2.85
17	-22	-2.99
15	-13	-2.92
22	-17	-2.80
25	-10	-2.81
27	-4	-2.73
27	4	-2.66
25	10	-2.58
10	25	-2.66
17	22	-2.69
-10	-25	-3.02
-4	-27	-3.11
-3	-20	-3.09
-10	-17	-3.03
-15	-13	-2.94
-19	-7	-2.84
-20	0	-2.78
-19	7	-2.84
-15	13	-2.83
-10	17	-2.76
-3	20	-2.75
3	20	-2.79
10	17	-2.76
9	9	-2.74
3	13	-2.73
-9	9	-2.76
-3	13	-2.70
-13	3	-2.77
-13	-3	-2.82
-9	-9	-2.86
-3	-13	-2.94
3	-13	-2.90
3	-20	-3.03
4	-27	-3.08
10	-17	-3.02
10	-25	-2.97
9	-9	-2.85
3	-5	-2.80
-3	-5	-2.81
-6	0	-2.75
-3	5	-2.78
3	5	-2.66
6	0	-2.73
13	-3	-2.73
13	3	-2.67
