temperatures01.log, temperatures02.log, temperatures03.log, temperatures04.log - логи первых 28 датчиков в разных положениях
Датчики нулевого контроллера далее - референсные, меняются только датчики первого контроллера

Нуль-пункты для temperatures01.log:
0.12, -0.005, -0.095, -0.03, -0.03, 0.02, -0.01, -0.07, 0.03, -0.005, 0.105, 0.03, 0.09, 0.07, -0.025, 0.025, 0.1, 0.06, 0, -0.02, 0.03, -0.04, 0, -0.055, 0, -0.0375, 0.02, -0.05
Нуль-пункты для temperatures02.log:
0.065, -0.04, -0.105, -0.025, -0.05, -0.005, -0.045, -0.08, 0.035, 0, 0.065, 0.015, 0.075, 0.055, -0.01, 0.06, 0.08, 0.04, -0.01, -0.01, 0.025, -0.06, 0.01, -0.045, 0.035, 0, 0.045, -0.03
Нуль-пункты для temperatures03.log:
0.06, -0.05, -0.1, -0.035, -0.075, 0.01, -0.045, -0.09, 0.03, -0.015, 0.09, 0.03, 0.06, 0.035, -0.005, 0.035, 0.045, 0.005, -0.04, -0.04, 0.06, -0.025, 0.025, -0.035, -0.015, 0.005, 0.03, -0.01
Нуль-пункты для temperatures04.log:
0.105, -0.015, -0.09, -0.02, -0.05, 0.04, -0.015, -0.07, 0.04, -0.005, 0.125, 0.05, 0.08, 0.06, 0, 0.035, 0.065, 0.03, -0.02, -0.03, 0.075, 0, 0.025, -0.03, -0.01, 0, 0.035, -0.015
Медианные значения по всем четырем измерениям:
0.08, -0.03, -0.10, -0.03, -0.05, 0.01, -0.03, -0.08, 0.03, -0.01, 0.10, 0.03, 0.08, 0.06, -0.01, 0.04, 0.07, 0.04, -0.01, -0.03, 0.04, -0.03, 0.02, -0.04, -0.01, 0.00, 0.03, -0.02
RMS:
0.03, 0.02, 0.01, 0.01, 0.02, 0.02, 0.02, 0.01, 0.00, 0.01, 0.03, 0.01, 0.01, 0.01, 0.01, 0.01, 0.02, 0.02, 0.02, 0.01, 0.02, 0.03, 0.01, 0.01, 0.02, 0.02, 0.01, 0.02

